127,35
3,1
3,3
10,288
10,12
10,172
10,148
10,104
10,238
10,224
10,2
9,7
9,6
9,1
9,4
9,2
9,3
8,13
8,17
8,6
8,9
8,5
8,7
97,3
97,2
97,1
96,3
96,1
95,3
95,2
95,1
94,3
94,1
20,3
20,2
20,1
19,3
19,2
19,1
12,3
12,2
12,1
11,30
11,29
11,28
11,27
11,26
11,25
11,24
11,23
11,22
11,21
11,20
11,19
11,18
11,17
11,16
11,15
11,14
11,13
11,12
11,11
11,10
11,9
11,8
11,7
11,6
11,5
11,4
11,3
11,2
11,1
10,315
10,314
10,313
10,310
10,309
10,308
10,307
10,306
10,305
10,301
10,300
18,1
10,299
18,3
10,298
10,297
14,1
10,296
14,3
13,1
10,295
13,3
10,294
10,293
10,292
10,290
10,285
10,282
10,281
10,278
10,277
10,276
10,275
10,273
10,272
10,269
10,267
10,263
10,262
